1318 1072 1263 1027 1192 984 1149 956 1120 934 1097 910 1071 887 1042 870 1034 861 1025 853
175 1048 286 986 426 928 503 909 565 888 606 875
169 959 235 943 320 920 356 914 414 904 461 891 499 880 528 873 550 864
585 1070 650 1024 692 990 733 954 760 925 792 904 817 886 845 860 854 850
1347 1055 1276 1009 1230 974 1153 933 1109 900 1083 883 1062 870 1044 856
1510 1069 1428 1031 1354 992 1282 959 1228 933 1170 898 1134 883 1109 872 1089 860
1611 886 1549 878 1449 865 1428 862 1405 857
1897 1048 1707 975 1570 929 1486 906 1378 885 1340 878 1281 865 1205 851 1152 831
984 821 978 816 972 811 965 802
1010 823 1003 818 996 814
